0612202101179004027500120011110001485690089712914
0612202101179004027500120011110001485700089713010
0612202101179004027500120011110001485710089713113
0612202101179004027500120011110001485720089713216
0612202101179004027500120011110001485730089713319
0612202101179004027500120011110001485740089713411
0612202101179004027500120011110001485750089713514
0612202101179004027500120011110001485760089713617
0612202101179004027500120011110001485770089713711
0312202104179004027500120011000000039630011312613
0312202104179004027500120011000000039640011312716
0812202107179004027500120012000000242130295534214
0812202107179004027500120012000000242140295534716
0812202107179004027500120012000000242150295535319
0812202107179004027500120012000000242160295535616
0812202106179004027500120161020000562970030984619
0812202106179004027500120161020000562980030984711
0812202106179004027500120161020000562990030984814